ID,class1,class2,class3,class4,class5,class6,class7,class8,class9
1,0.17032939148550136,0.13353965045892974,0.02546166984400512,0.19139179014087168,0.07120883165942282,0.08164097265288225,0.3107628042207215,0.005336296458030471,0.010328593079635026
2,0.18674469065818639,0.12606067931573428,0.02488019786440421,0.19937145600234255,0.06863807666608605,0.07710809650533415,0.3015460484948552,0.0055892503597822244,0.010061504133274904
3,0.17500014727616692,0.1332488430537531,0.026139715483216742,0.21265177341046732,0.07162500898835776,0.08096068676195485,0.28421322336740895,0.005453990628382717,0.010706611030291715
4,0.15686024254545097,0.12795527944614402,0.026067178678191305,0.22981108875846418,0.06718128707457814,0.08270356663612842,0.2941118005948605,0.005343917020272834,0.009965639245909565
5,0.17378686180466008,0.13109044449680005,0.025418244906665066,0.19793562804388035,0.06991958776763203,0.07877391219384647,0.30732517080008537,0.005299300752037969,0.010450849234392576
6,0.17991083162471705,0.1298392918177409,0.025599902960480647,0.20839972448857452,0.06982060441176693,0.08817739167517664,0.2806176264304687,0.00734132579485987,0.010293300796214636
7,0.15680529551166061,0.13542225002710037,0.024704789428074497,0.21502722525529103,0.06751488323109739,0.08413151826774762,0.3010079937140535,0.005202148078685035,0.010183896486289912
8,0.18414451051741604,0.1335219296025217,0.025954213289088222,0.21603122548998838,0.07201528012599981,0.08849480410916324,0.26323927228276567,0.006015729437127983,0.010583035145928923
9,0.18554625222267848,0.13261866950517287,0.02571274714673343,0.20983320434498606,0.0703113976366952,0.08628463141284659,0.267232359214087,0.01207831308623848,0.010382425430561842
10,0.16202666844410102,0.13866216089291064,0.024705423613695647,0.1904002980338415,0.06859947262040271,0.07636083633866174,0.323979528837318,0.0051345689976973925,0.010131042221371341
11,0.16685461666059306,0.134444613353324,0.024985750586422974,0.21573661874339667,0.0682848556511685,0.08405782810809567,0.2903217249329571,0.005211005260103908,0.010102986703938109
12,0.15891832845492818,0.13272520291313666,0.025388937408384743,0.19077284596524788,0.08689955838649638,0.08193476376199163,0.30186075150909414,0.005860138376582986,0.015639473224137453
13,0.18095196014738563,0.14002827207172724,0.025066541589560808,0.19021511968624377,0.06860328166365023,0.0837372617588496,0.28848151461569105,0.005220131108338954,0.017695917358552696
14,0.16409457051011342,0.13266867596700052,0.025125076151762155,0.19370810102242317,0.06857641509178661,0.08459088612205169,0.3079746333176864,0.0053572209137985405,0.01790442090337758
15,0.17097395305370006,0.13575910630416313,0.024422173020272886,0.1835674412040055,0.06688974759388992,0.08163160704554039,0.3218758807972962,0.0050563070954918014,0.009823783885640248
16,0.17569186420826033,0.14223991110524736,0.024987144627105388,0.19862932024497668,0.06969036495345246,0.08534852900976288,0.28818013919519364,0.005191594921346391,0.010041131734654898
17,0.1669620620840501,0.1339942552428704,0.026305107619362077,0.20624453658243228,0.07165590636352423,0.08879321897494176,0.28999787355993983,0.005478509414477745,0.01056853015840156
18,0.17529539236476593,0.13096744950675204,0.025057035144615235,0.19579920375022747,0.06871804589016027,0.08036997971883234,0.30825643721379425,0.0053785874402059565,0.010157868970646512
19,0.1523575744851884,0.13707910142360097,0.024665414231815685,0.20621665581122667,0.06746359228325642,0.07642789195186282,0.3206837161783915,0.005131324673923916,0.009974728960733596
20,0.17470635021522174,0.13659450911089588,0.024473701589292164,0.18920861706120934,0.06642902956235609,0.08228225576735913,0.31078070092170923,0.005690950000652462,0.009833885771303919
21,0.1556810689579573,0.13017862641888953,0.024728503684691497,0.20652194767384055,0.06748017082824977,0.08380097838040687,0.316235148037567,0.005370673859041823,0.010002882159355622
22,0.17798865446053785,0.13076264745390026,0.02490299348698658,0.22536108615671577,0.08555299273728542,0.07717171653007013,0.2629278647181164,0.0051860635515526155,0.010145980904835008
23,0.16947666084455887,0.12795842741770547,0.025224677190491762,0.19679346256037214,0.06923240350967307,0.07816572251089034,0.3176501680230903,0.0052941588375522335,0.010204319105665754
24,0.1652619704490647,0.13531407918516433,0.03452790360892294,0.1914925123271047,0.08116505987156887,0.08587009188156476,0.2906290209378994,0.005413743863750484,0.01032561787495977
25,0.1773196438677354,0.14435505233387255,0.02514201449161883,0.19794602967089503,0.06824777236004324,0.0840170222735617,0.2875398044840381,0.00520299700518429,0.010229663513050836
26,0.1588916573817721,0.14013166173517247,0.02457052703978796,0.19954566539944893,0.07758981610258175,0.08011550835927106,0.3037593745452923,0.00531561378492037,0.010080175651753112
27,0.15692053936289865,0.12952578571544385,0.02500490688233934,0.23091521839220536,0.08596719643481122,0.0774760189900094,0.27887601648976823,0.0052005845743841985,0.010113733158139725
28,0.17579947878033833,0.12920663727513443,0.025997435146039444,0.22643981708288186,0.06983634293800506,0.07864091254603117,0.27800901977987325,0.005652316907567493,0.010418039544128864
29,0.1727385115595758,0.13016829251876297,0.025200906982267863,0.21569389970511238,0.06889216449833999,0.07868094615269405,0.29290386409525243,0.005524647977684571,0.010196766510309953
30,0.16498522876950358,0.13924989515731237,0.02664585417122526,0.19650178893355236,0.0714725746857408,0.08857511996525447,0.2964444813644006,0.0055268019704745675,0.010598254982535967
31,0.18678002616212044,0.14401624936289262,0.02519320591518332,0.20406896376685935,0.07116053890668049,0.0812062415967619,0.2644468725815187,0.0076238346127342664,0.015504067095248866
32,0.15895828093499273,0.14342077020668464,0.02566916942811857,0.1986511607364812,0.07388549649541805,0.08610962485528108,0.29761977905264697,0.005373164766079161,0.010312553524297599
33,0.16103222400450257,0.13383119563440765,0.02384704641580035,0.20671002251065157,0.06621604492296622,0.07389336036690972,0.3197264902652103,0.004981802037068476,0.009761813842483265
34,0.1605669012116055,0.13569954510156992,0.025655893728458147,0.206570033583899,0.07028701293234614,0.07965135556979959,0.3056992356197989,0.00534776632090723,0.010522255931615545
35,0.17330249945347928,0.12161989533113253,0.02390670319959213,0.2188757925937615,0.08970297672101708,0.08958183913104503,0.268588819144297,0.00493847835288607,0.009482996072789452
36,0.18557484054168216,0.14558068433427002,0.024580407398061936,0.19584277454851667,0.06709703393356062,0.08270068910591792,0.2759075727862906,0.005253352414904242,0.017462644936795883
37,0.18739404316085642,0.1284598012695401,0.024956692783915255,0.21442363341228216,0.06898477862659493,0.08498577251735354,0.27525544780966704,0.0053820555450175885,0.010157774874772927
38,0.16337654035187016,0.13724532353908742,0.02429961592621415,0.2287995192062131,0.06693637081966189,0.0816955780601546,0.28274798744317764,0.0050662530871490846,0.009832811566471986
39,0.16393074284666617,0.13584274135289465,0.026267109533947265,0.20848634013848016,0.07188791316761714,0.0813886829650409,0.2951581582288862,0.00624489520154939,0.010793416564918107
40,0.16721894200991494,0.1398167022959264,0.026660864573659637,0.20521127841642056,0.07276300667910099,0.08261171298584297,0.28933142397471545,0.005603741126166625,0.010782327938252364
41,0.16294894112279648,0.135342496991513,0.024781817598251654,0.19709090207583588,0.08190689149766121,0.077778207706081,0.30524072632170224,0.005085008034195913,0.009825008651962622
42,0.15167308693971646,0.13407774621941065,0.02414162335751905,0.2188446535112541,0.06825826032997746,0.09350285219074211,0.2946266756332489,0.005109579314507395,0.009765522503623895
43,0.1718818195919723,0.13726589650880736,0.02440095312504211,0.21456052389192132,0.06652037781297337,0.0833401780907346,0.2859185335568903,0.005889425548870028,0.0102222918727886
44,0.17565933306544793,0.14709558255094127,0.023904150434645496,0.21735580009078323,0.06531922650276745,0.07406349967001195,0.2813143988853951,0.0055979341732097804,0.009690074626797789
45,0.18870315557069445,0.13145030340912417,0.029691112119004666,0.19999383287519076,0.07255671137448653,0.08206535479784667,0.27968637018401593,0.005331907976193494,0.010521251693443253
46,0.16229799495306924,0.1373897681116333,0.024438397806296214,0.20395169827723772,0.07760469564492666,0.08196409558562381,0.29721594135564133,0.005169515692088948,0.009967892573482774
47,0.1758073705183216,0.14524363296899753,0.025198978421655555,0.19044016873891575,0.06890875017797704,0.07806412045707348,0.3008998984244883,0.0052440151227385375,0.010193065169832207
48,0.18309415911954866,0.13189503283599427,0.025847009712024444,0.20639384396565844,0.07085278956152836,0.0801007384144228,0.28598458663379184,0.005377655999939331,0.010454183757091885
49,0.1584189216460345,0.13325248659663358,0.025111172508208608,0.1932649443660152,0.06854178117283552,0.08513624270313773,0.32031421718278363,0.00580178850311802,0.010158445321233205
50,0.17018846644817995,0.13757245643589427,0.024811172112123313,0.18548858994697465,0.06735510779356135,0.07681709762845881,0.3222621835422795,0.005533536002583992,0.009971390089944175
51,0.1854227666958212,0.1352204521509118,0.025846861450914794,0.2026894585301009,0.07063073622977387,0.08260773941045542,0.2814605376989535,0.005495071733595052,0.010626376099473454
52,0.17997443208221778,0.1332893864548715,0.025395414457953697,0.1929738600493563,0.06964432517363518,0.07818287441691378,0.30503333580037195,0.005294560472293962,0.010211811092385836
53,0.15092941587385245,0.12353813428150232,0.024233299733039206,0.23499062647971578,0.06637247407991737,0.082354012254844,0.3024499362967633,0.005328700970360769,0.009803400030004836
54,0.16825892820065075,0.14236543271193422,0.02524890947254233,0.1920455829546615,0.07063280917886738,0.08463052103133316,0.30134728141563233,0.005256992046364166,0.010213542988014152
55,0.18273078931344866,0.13503551249041074,0.024810357299389647,0.21472415507129022,0.06832849982954112,0.07687721601883661,0.28207167098677305,0.005386893486090979,0.010034905504219035
56,0.15803346473892985,0.135071011993479,0.025780497459244857,0.20636127194681117,0.07003693359489786,0.07922217685969293,0.30969900283659557,0.005330911110751675,0.010464729459596974
57,0.16605424260159962,0.13333610482264657,0.025920563949503355,0.21342458345136409,0.07094101259135932,0.08726583871178065,0.2869042420504681,0.005494828334547468,0.010658583486730766
58,0.15694262696707104,0.13761770879612215,0.02483577528573112,0.22854309758387403,0.07055980980500237,0.07945018519068486,0.28118223322722147,0.005421461265901635,0.015447101878391347
59,0.16368965172463623,0.14075064055150177,0.026208352918242812,0.2014064988397802,0.07146987544439137,0.08798528206887597,0.292051017510157,0.005673536374652473,0.010765144567762213
60,0.1742521118215202,0.13509662117414162,0.025369587443606862,0.19644601934315722,0.07132694895417138,0.08483850495238947,0.2971635292213546,0.005283021672558745,0.010223655417100004
61,0.17345008343627621,0.1347068477738734,0.024313551001517827,0.21179669251204514,0.06649051816322175,0.07797498023912204,0.2926230179720988,0.005481935797719198,0.013162373104125654
62,0.16336577815818476,0.13882457469649218,0.034475451312171335,0.19671226578741935,0.07180826742171184,0.08793562219988385,0.29096533921346374,0.005407459837085621,0.010505241373587252
63,0.17285429082833753,0.12876485909304963,0.024831036822762564,0.19306581550402732,0.06788141476209483,0.08492975834091424,0.3111657819298353,0.0064598473568357895,0.010047195362142805
64,0.17289064607830923,0.12860901644521833,0.024876050217359617,0.22501180890022585,0.06919424767267804,0.08428377503894481,0.27209918780806747,0.005353653947064218,0.017681613892132526
65,0.1742521118215202,0.13509662117414162,0.025369587443606862,0.19644601934315722,0.07132694895417138,0.08483850495238947,0.2971635292213546,0.005283021672558745,0.010223655417100004
66,0.15991738765996902,0.1303297800162639,0.025408317818320987,0.22587626086578722,0.0693361954475815,0.07872928865841211,0.2948101624541317,0.005291988059939615,0.010300619019593855
67,0.16825031080258837,0.12493909052549448,0.023925137474149392,0.2211493638090846,0.06598647338590932,0.08163367620436461,0.29927433026467787,0.005162058248447798,0.009679559285283539
68,0.17193278784037852,0.13747452670439197,0.024480491153974136,0.19160758108087622,0.06645492901821518,0.08360655198272647,0.3090967017330112,0.005514616869154289,0.00983181361727206
69,0.15694425305582133,0.12764641639017554,0.02504469708032158,0.19556871765251174,0.07878177331693013,0.07741588780514061,0.32297771155730487,0.005516080187249435,0.010104462954544804
70,0.16509938971908228,0.138172189602042,0.026323928061283485,0.2062291239685557,0.07210780613628437,0.08155673757780021,0.2943830447440345,0.005485333167073519,0.010642447023843921
71,0.18737964791170264,0.13711360012294677,0.025668427454132448,0.2003063642982042,0.07231638705585253,0.07955340822663882,0.2816220358972821,0.005630572588726811,0.010409556444513603
72,0.18585106599761053,0.1357977879489623,0.026022067738902022,0.19771047632748243,0.0706366021877431,0.08729425955858472,0.2808342562873461,0.005396470172172071,0.010457013781196702
73,0.17025794001108685,0.13671626492148176,0.02460767877094741,0.18411901986962792,0.0666969048033406,0.08406740917676223,0.31737965417077696,0.005908820783886947,0.010246307492089327
74,0.1554455939871462,0.1409795960799407,0.025194247646662855,0.19120187905001804,0.06877113100518586,0.07807791328389414,0.32470338872829496,0.0052573555980147115,0.01036889462084248
75,0.18086726704611236,0.13332149040762412,0.026023993417604318,0.20378048904994586,0.07196496241367925,0.08192032981529873,0.2861343549961222,0.0054625819769747105,0.010524530876638453
76,0.16756262054668083,0.12971311606553135,0.025282864351108388,0.19905509354045495,0.0692657701203022,0.07865404312680777,0.31483424090143214,0.005407579094784657,0.010224672252897683
77,0.1888666841808534,0.13900552440743544,0.025502807728278492,0.2008593479132689,0.06961293778812905,0.07903329175383136,0.28122881823084406,0.00554964487104956,0.010340943126309779
78,0.17843052251095753,0.12863884061905723,0.02475877793221094,0.21162708863971352,0.06781287939391298,0.08397105284542801,0.2817895741932909,0.005374324544786902,0.017596939320641887
79,0.18116970991787978,0.1341896261499827,0.034660964373793915,0.19964682644454168,0.07198227555626333,0.08089738791220151,0.28144393793574185,0.00544124685020673,0.010568024859388505
80,0.16692525081126425,0.1372266119806049,0.026841912756156626,0.21075554269272873,0.07287654426527213,0.08261874583866853,0.28614728256316946,0.0058269766766692165,0.010781132415466091
81,0.16094464897840588,0.13693709730265086,0.02482962511918548,0.2138280694205837,0.06840639435544117,0.083511559390442,0.29547266216595347,0.006030055871963914,0.010039887395373533
82,0.17874327832780978,0.1353628823424544,0.025647621569798933,0.20288655675548842,0.07338213192243084,0.08205466791971587,0.2784882439993401,0.005332209504605235,0.01810240765835646
83,0.16150642662687337,0.13591758829334252,0.02556507239287927,0.19579493578498147,0.07034275357677117,0.08591506628431345,0.30926150424779275,0.005383965495673456,0.010312687297372504
84,0.1751517990545951,0.13200552217242573,0.024405816341120563,0.1987322291984746,0.06719550402339165,0.07561749147307711,0.3119068910250812,0.00511574621462114,0.009869000497212963
85,0.16727307958861357,0.12741385565847202,0.02495577923281651,0.19675279758341033,0.06925158790830128,0.08434073347902102,0.30708009672872494,0.005206042703939118,0.017726027116701217
86,0.1587710427691945,0.14157176782459605,0.025571761643270907,0.20690292001356098,0.06990153937709709,0.079235211279538,0.2918532016524909,0.008037329052391308,0.018155226387860265
87,0.19291793321674655,0.13556946889674545,0.026262474561326816,0.20388421607994686,0.07175761526025606,0.08479472404644187,0.2684943209713006,0.005565345267746642,0.010753901699489064
88,0.17314748565353924,0.13080616647663296,0.025495987511269143,0.21576579389820014,0.0695953990532835,0.08135816989869186,0.28803607813924226,0.005482050085377751,0.010312869283763099
89,0.1488567588463519,0.13469494111089064,0.02410023223731395,0.22141202363309148,0.06602396651849782,0.07467881022021298,0.31533438992373686,0.005033477118155957,0.009865400391748365
90,0.16816602912688133,0.137748738060139,0.026315549217631268,0.19820404665871644,0.07191499922086138,0.08908578724336433,0.29225810216844994,0.005661005219747651,0.01064574308420855
91,0.18450964393653782,0.13493460115403716,0.025608171750923926,0.19649319312303978,0.07131757294417587,0.08291466441028998,0.2800225410875194,0.005971242834675065,0.01822836875880102
92,0.1828624740658622,0.13152146862745995,0.025599778648971623,0.20875796562982743,0.07174889545040349,0.08661574445166151,0.275611260876791,0.006965528294733589,0.010316883954289235
93,0.17507863183984246,0.1285813185064682,0.025008415858185657,0.2160822825727234,0.06827335070006428,0.08412579975971388,0.287420581821508,0.005205168293117017,0.01022445064837709
94,0.16849079138468542,0.13295703853557805,0.02628746466063825,0.2253240836285117,0.06559780449729427,0.07936492922695834,0.28703200212582863,0.005224590219384576,0.00972129572112079
95,0.17353131002874556,0.13572421526458184,0.02588686385492018,0.20691040164442226,0.07058345817256308,0.08682035708306098,0.2847093667623346,0.00538659930929533,0.010447427880076156
96,0.16122696504529158,0.15069930513638286,0.03354259721274393,0.19371156089798344,0.07099901236067872,0.08524452129238759,0.28452557664935396,0.006955773174740482,0.013094688230437515
97,0.16128363289683087,0.14009545195452847,0.025471506774593988,0.2076709430273655,0.07018249165425469,0.07892869202739386,0.3007551290045035,0.005310551629772132,0.010301601030756922
98,0.18102399486561863,0.12942738436501078,0.025009241192702213,0.22493753318055063,0.06897396217408354,0.08411611442210125,0.27113957952997264,0.005257039686676212,0.010115150583284181
99,0.16105852230764622,0.13555252564734388,0.035029174852343234,0.1953665164729437,0.07078320656332295,0.08357194301965318,0.30276660965731556,0.005394849740664833,0.010476651738766463
100,0.16751674084669696,0.13436756078023113,0.026392919397417135,0.20332744955067597,0.08325559318559346,0.08285043489899876,0.28640605898350474,0.005438745547439795,0.010444496809442094
101,0.18156901782814933,0.13219629219606116,0.0248642035817609,0.1974738547469101,0.08064036491716188,0.07972152283670664,0.28797733503504097,0.005332523215215295,0.010224885642993776
102,0.17252622368708942,0.13998346651938148,0.025763526656179887,0.2012049145594002,0.07030904673383367,0.0869967138775277,0.2866733602573317,0.006156174012783467,0.010386573696472574
103,0.1872670079148084,0.13798497499218118,0.025705054703190122,0.2137024812776731,0.07083598150088385,0.07965495675743574,0.26888537502156384,0.005565249181440493,0.010398918650823206
104,0.17597072575473505,0.14130077058923626,0.025115836352574743,0.18808007300874724,0.06847444207060004,0.08580355377905438,0.2986727663989418,0.006057396785554844,0.010524435260555668
105,0.18959457800095858,0.1399342726379358,0.02512479793401492,0.20002454104717163,0.06821486823655028,0.08396907551180458,0.2775195069371571,0.005526275567324152,0.010092084127082976
106,0.17653604961967212,0.13615397931340104,0.024347417361847416,0.18342554005156297,0.06611140318459421,0.07758309457674456,0.32025747103511326,0.005801445168996646,0.009783599688067704
107,0.16822286723392235,0.12420237830626046,0.024232916318573224,0.2021352853426966,0.08423314205503833,0.10646646944966595,0.26819648660669976,0.005059909319881147,0.01725054536726223
108,0.1669392591582623,0.13008340404243857,0.025267705345555717,0.19993904338902885,0.07012718224357709,0.07805257374210253,0.3056454597552284,0.005910493892635012,0.018034878431171623
109,0.17622639486488856,0.13355906354492794,0.024023274070068493,0.2168943635067507,0.06563770165497072,0.07442478555005397,0.2869329709089132,0.005003101250456441,0.017298344648969927
110,0.16865917201161812,0.14001493547181387,0.02649963106408898,0.20429900836549492,0.07292459849135527,0.08212141535422349,0.2892168124585171,0.005523218406550118,0.010741208376338147
111,0.1541795838175009,0.14104469405598638,0.02456783197263632,0.19555352335198567,0.06706835157714418,0.08426379589498273,0.31209070733147104,0.011317957052552329,0.009913554945740427
112,0.18776276506445025,0.1372767414959311,0.02682383841868615,0.20402948069482876,0.07262671528090761,0.08539878731322108,0.26951985438859183,0.005791636553199767,0.010770180790183504
113,0.18966025708328452,0.12942052949578003,0.02499739256639142,0.2235511353833715,0.06856080035748684,0.0776015716598544,0.27047710702027494,0.0056233635199153965,0.010107842913640908
114,0.18780865664508853,0.13008939204112954,0.024711816035981698,0.200872400752731,0.06746048779226214,0.08318056122423263,0.28309926908893673,0.005210979543648895,0.0175664368759889
115,0.1542859339655085,0.1392216551156248,0.02493406922095414,0.18806204602061818,0.06838323844579043,0.08391503148386072,0.32551675227627247,0.0054726789930341895,0.010208594478336545
116,0.190343595978346,0.13125052247510507,0.027202196845297122,0.208368466404422,0.06875417504613279,0.08374398204727448,0.2673771072973644,0.005271454555987201,0.01768849935007088
117,0.1680664327778304,0.13665066235029527,0.024439565400909535,0.22179210470309316,0.07162333451308275,0.08090586475268605,0.2805694713834618,0.00570549815256469,0.01024706596607623
118,0.17732599359791462,0.154348952502732,0.02522659913808912,0.20803054650227065,0.06877615211452906,0.07738337563019215,0.27246816835388554,0.006327023845646898,0.010113188314739932
119,0.15900041592024153,0.12416503920950203,0.024588302790509466,0.22941710768038798,0.06546703166312148,0.08061705294444603,0.2936523114237908,0.005995113204287207,0.017097625163713485
120,0.1829440296510286,0.1337387011304467,0.025100181927602792,0.19226618626290065,0.06846711578527603,0.0833290985112635,0.29879808884788556,0.005224884368778,0.010131713514818244
121,0.17569415191138812,0.13243146432619704,0.026056941115147177,0.196981107705653,0.07138539849542913,0.08784290437747386,0.2936345144170725,0.005433294819389447,0.010540222832249757
122,0.15884952710389946,0.14258253560378448,0.02544967054049091,0.19451431279707335,0.07064423378133175,0.08616433902910267,0.3061445966825806,0.0053206269363907975,0.01033015752534606
123,0.16919982081926277,0.13342501992077405,0.03366987452977398,0.19361718527346888,0.06803323598457092,0.08560412522610099,0.3006969323280925,0.005680439366665198,0.010073366551290664
124,0.18339389380400387,0.13836570933297265,0.024656981673492905,0.19303639468437944,0.06715661230639153,0.09867804117361086,0.27905233541163266,0.00570004955388501,0.009959982059631134
125,0.15650080069101172,0.1371414827333286,0.02483273727101412,0.1894579545139936,0.0855660014513351,0.07694685924200785,0.31425362396890133,0.005256778617107956,0.010043761511299822
126,0.17125755573840512,0.1411653387869769,0.02552903001948384,0.19583027307833828,0.07202306673644647,0.08585030981315353,0.2924441076255036,0.005330266312806498,0.010570051888885785
127,0.19281442732154686,0.13210242358473764,0.025229355445726943,0.22360622987301854,0.06919101202175469,0.0781900739634267,0.2629537060099666,0.00553782570595676,0.010374946073865306
128,0.17575491230976853,0.13216464189964774,0.02494026045637393,0.19294616202655895,0.06820289528818865,0.0794710433095383,0.31127555503663534,0.005202246221447591,0.010042283451841005
129,0.1842905282145584,0.13675686510753376,0.02620874655325135,0.1996078018355592,0.0698305599683574,0.08723522927997511,0.2782787952484366,0.00680627228216176,0.010985201510166461
130,0.17782471529394908,0.1294192332866891,0.02490627861059931,0.19416398275299177,0.06816793032455652,0.08381968362644779,0.30504952421743436,0.005442088555287996,0.01120656333204402
131,0.15161459097570756,0.13634392086054037,0.026517300504133062,0.2029920245381283,0.06630750551795195,0.08206330179870477,0.3191596128487909,0.005052132646369908,0.009949610309673158
132,0.1718818195919723,0.13726589650880736,0.02440095312504211,0.21456052389192132,0.06652037781297337,0.0833401780907346,0.2859185335568903,0.005889425548870028,0.0102222918727886
133,0.16466738504293507,0.13266675027206,0.02625929683625443,0.20424370457003654,0.07174699610767314,0.08895615121935203,0.2944879405013555,0.006352341765759021,0.010619433684574296
134,0.18972317214626136,0.13379765818234507,0.025737692276297276,0.20926979840753218,0.07085103168848758,0.07975205734967455,0.27506283418267774,0.005394559601027511,0.010411196165696659
135,0.16788696016787807,0.14011184906438584,0.026548578906647767,0.20396308828264612,0.07362792432239199,0.0854823683479575,0.2853319824350226,0.006307143468244292,0.010740105004825858
136,0.16040058375786292,0.13456555512864898,0.025827335766359254,0.19441147490317812,0.07236414590457625,0.08004539812412907,0.3163938262255563,0.0055456604981821474,0.010446019691506953
137,0.1613939819210382,0.14632077288585735,0.026845681121237835,0.19715589332122974,0.08112896297976739,0.08275628495884,0.2874439860560352,0.0062911699989653515,0.010663266757028826
138,0.1558661298055919,0.13093533825044826,0.025375924524150228,0.19829623732383297,0.08039576025589777,0.08549045116606302,0.30824257068188937,0.005358002393880768,0.01003958559824569
139,0.16605424260159962,0.13333610482264657,0.025920563949503355,0.21342458345136409,0.07094101259135932,0.08726583871178065,0.2869042420504681,0.005494828334547468,0.010658583486730766
140,0.1883628135099067,0.1290618460908344,0.02510749643915109,0.21222577172809168,0.08551719903983164,0.0782520156878983,0.266088916984056,0.005231246460809685,0.010152694059420486
141,0.1705043902133117,0.13232841250990704,0.025276019219534512,0.19012227197857057,0.07421898116714158,0.08542228950173747,0.3066340080701113,0.005297966930838985,0.010195660408846839
142,0.1623903723498977,0.13415018481476246,0.02596048493500027,0.22197340528340667,0.07077203058765658,0.08194784684398561,0.28695059605241036,0.005390803330111791,0.010464275802768533
143,0.18523001415705842,0.12695955186745794,0.02529138076578217,0.19428787349032003,0.0683348821932604,0.08377608033061111,0.30064977671493753,0.0054085001644342285,0.010061940316138118
144,0.15694262696707104,0.13761770879612215,0.02483577528573112,0.22854309758387403,0.07055980980500237,0.07945018519068486,0.28118223322722147,0.005421461265901635,0.015447101878391347
145,0.18333102290092584,0.13581823149638048,0.025803504092555257,0.20553935604260531,0.07062117076061557,0.07995908020604589,0.2828379649150085,0.005654536957266175,0.010435132628596994
146,0.16030697178264078,0.13649179362761474,0.025759350817969057,0.1967036758230737,0.07042260123547998,0.07983697930339931,0.31454789527719274,0.005510862337131254,0.010419869795498393
147,0.15820568192653664,0.12619212911883734,0.024760100743358958,0.2350491954522008,0.06759127215289432,0.07673691619306858,0.28490452678838485,0.008975807862943656,0.017584369761774927
148,0.16552514471158503,0.14230299595050733,0.025495986956091853,0.2018081792203005,0.06969257027166256,0.08582164759615284,0.29372159842834134,0.005321837102947162,0.010310039762411457
149,0.15688345528751055,0.14019583619477374,0.02506258498515177,0.18963749212889458,0.0685964757925345,0.07766285345603566,0.32641359394571917,0.005234075003360363,0.010313633206019659
150,0.17372375339324528,0.13731675675400493,0.024387572742498496,0.22205052918776583,0.06660725008306266,0.07823508641432594,0.2747831259116701,0.005568055091624829,0.017327870421801936
151,0.15301805286820516,0.13700080102701132,0.024701376056406966,0.22542487888479928,0.06676329084480628,0.08291056049711062,0.29504967017127176,0.005110716144717331,0.010020653505671323
152,0.18116970991787978,0.1341896261499827,0.034660964373793915,0.19964682644454168,0.07198227555626333,0.08089738791220151,0.28144393793574185,0.00544124685020673,0.010568024859388505
153,0.15900136358403866,0.14341081004829462,0.025354521761119346,0.20479190224691482,0.07074791372526873,0.08181577797561305,0.299315841061135,0.005273048127476537,0.01028882147013926
154,0.17156961185883005,0.13151966789496597,0.024781510634788177,0.19711343700316325,0.08460046484875737,0.08319682904103935,0.2919421386446982,0.005275401483503449,0.010000938590254227
155,0.1703688318368052,0.12555031748257298,0.024353729344141806,0.22946511998906746,0.06708224813865135,0.08247350087263779,0.28563797647717637,0.005217593002617717,0.009850682856329358
156,0.17553871256762676,0.139199997104811,0.024486349379871927,0.18323644111705842,0.06707187074349355,0.07848825231687043,0.3158421191283308,0.005989904021813738,0.01014635362012336
157,0.1626073682308205,0.1295679720158886,0.025373090968155106,0.19409765320453307,0.06876281046723252,0.0861330881443726,0.3130557522856008,0.005267419652651063,0.01513484503074572
158,0.15844188039744267,0.12725067044838032,0.025523523591788926,0.23362638693754315,0.0817130320593175,0.08163292163989574,0.276434443944311,0.005205447644530606,0.010171693336790045
159,0.1674225451761106,0.13214692749699977,0.025404367712623575,0.22764432342824334,0.07028401609336848,0.08744774418233917,0.2737924316249803,0.005560268927218107,0.010297375358116707
160,0.1849097108491937,0.12847889407200883,0.025247419627894434,0.22025484966272776,0.0694560367429071,0.09013850063788306,0.26578845341508983,0.005542404227876949,0.010183730764418397
161,0.17597072575473505,0.14130077058923626,0.025115836352574743,0.18808007300874724,0.06847444207060004,0.08580355377905438,0.2986727663989418,0.006057396785554844,0.010524435260555668
162,0.1856191392597108,0.14287341767611447,0.0246680811717674,0.1964108078347651,0.06800803553545044,0.07956650430995764,0.27982143902246576,0.005484042356219465,0.017548532833548937
163,0.1737623815849311,0.12950156802944918,0.025676702665833655,0.22131920337629288,0.06881007482708008,0.0782438416266921,0.2782607413278362,0.006373221286477844,0.018052265275407053
164,0.18087154206380768,0.1360058967333374,0.02608232965911338,0.20856534624343287,0.0711826766201247,0.08082260081766926,0.2801708869828567,0.005666645279511621,0.010632075600146427
165,0.1718818195919723,0.13726589650880736,0.02440095312504211,0.21456052389192132,0.06652037781297337,0.0833401780907346,0.2859185335568903,0.005889425548870028,0.0102222918727886
166,0.1624276662790723,0.13942751278452759,0.025799991782034785,0.2298425090509144,0.07280621355665232,0.08275257513720244,0.2709539817813058,0.005515044085691059,0.010474505542599282
167,0.16147936479811,0.13555074723576607,0.0259019645535232,0.1962583502358558,0.07073149382273308,0.08299383744884693,0.3113057980314823,0.005379094701149359,0.010399349172533228
168,0.15473919726386,0.14734010643192358,0.025156694194850577,0.19587160082156102,0.07254453135961737,0.07893881403703903,0.3100821237949371,0.005250359963120215,0.010076572133091152
169,0.1752695136879358,0.12812717442492494,0.024155082939464948,0.22962400759963364,0.06650501735213833,0.08123017027474591,0.28008750060599097,0.005230766969677541,0.009770766145487872
170,0.1775585094901544,0.13115852600103442,0.025505783848359075,0.21677663416892715,0.06969936907106447,0.08158984676212852,0.28183212660816925,0.005563368301705762,0.010315835748456941
171,0.16706631677554395,0.1394825767519518,0.02476563062115427,0.19744158970156395,0.0683215965202033,0.07941484469586214,0.30767819793624157,0.0058120838781175735,0.010017163119361438
172,0.18425099496300926,0.12620165258463928,0.024298273717989927,0.20430586474766282,0.06662286965162796,0.07529372581430022,0.30402732674947647,0.005172691473215914,0.009826600298078242
173,0.17910941697490357,0.13979808263964233,0.024733847523166912,0.18681547240242527,0.08435911676749412,0.07592589336268127,0.28835478690039407,0.005631604159462929,0.015271779269829639
174,0.17667805164557587,0.1480489468944161,0.025446859239014068,0.1945073373941139,0.07086734990173375,0.08564463696410113,0.28320485138868773,0.005306563425948653,0.010295403146408706
175,0.16633850338493023,0.1332298387946917,0.02575982123512958,0.19966625262479998,0.07129203568295263,0.08004045862366875,0.2998572370616074,0.005516794273825948,0.018299058318393773
176,0.16011036879623539,0.13350547510937422,0.02556355214711308,0.19437522210380662,0.07137580770361208,0.08951127097734417,0.30207389714608335,0.005327110238432748,0.018157295777998333
177,0.18393047471610044,0.13246387884864716,0.025427201778407883,0.19731413706652395,0.0697432708178593,0.07880091137938534,0.2885405852569348,0.005714794744946643,0.01806474539119444
178,0.1580519754848279,0.13074078413470375,0.02762035022871016,0.21945799180415246,0.06907806915044742,0.08712743178918031,0.2888980166787307,0.00878006634135522,0.010245314387892137
179,0.15375922525833077,0.14053090364525736,0.02484989835755301,0.1877172667150519,0.06848494010927017,0.08363426241930094,0.32538622834549535,0.005428109111839416,0.01020916603790106
180,0.16021897745462071,0.13141172987272262,0.026190157813187065,0.22092239687555676,0.0736486277840428,0.07920506757913442,0.28948258201826627,0.008581828030050165,0.010338632572419201
181,0.18867533890511706,0.1305683130873155,0.02539068068481797,0.20551401656143034,0.0696285252564123,0.08727740801807007,0.27691842731344063,0.005760547527196971,0.010266742646199149
182,0.1643247660342415,0.13971031160887865,0.026675581214508682,0.2039134578861624,0.0732333458282643,0.08973328611804694,0.2857587162755618,0.005860719638629263,0.010789815395706465
183,0.15660493947714657,0.138811747735674,0.025076541977427213,0.19787820392736874,0.068526140162593,0.08091248063518788,0.31658951708091176,0.005277669437973172,0.010322759565717533
184,0.18085573970095123,0.1330418830444237,0.025258193932911017,0.22430630352398198,0.06901527515315624,0.085640149091028,0.26552163884045477,0.005937486688895234,0.01042333002419787
185,0.181473849303746,0.14529539550107468,0.02554777427735322,0.2040809128655376,0.07060442853691844,0.07887646412050639,0.278488376475755,0.005333922734749593,0.01029887618435917
186,0.16152402522333714,0.1318068799651806,0.02578412751810802,0.20536509861431412,0.07061090150547979,0.07990790326969546,0.3012408108653306,0.0053961305640853035,0.018364122474468857
187,0.17097910246951686,0.1393925742073743,0.024518255613870076,0.18615618459357114,0.06706547061466529,0.0776558247118974,0.3186363616823832,0.005679056380415734,0.00991716972630593
188,0.18576598565098987,0.13020141704083552,0.025405322687235853,0.21881175025191463,0.07074473312616161,0.07865630126863113,0.2747333050546345,0.005315418633067747,0.010365766286529039
189,0.1653053713805151,0.13217734441208112,0.025469535155597876,0.19652917679926427,0.07164519482421719,0.08143056080596241,0.311083901817534,0.005675465371176303,0.010683449433651775
190,0.16532021208742295,0.1392886396379669,0.02491029998371338,0.2073833210976293,0.06760823624578119,0.07980291785816104,0.30040165838476157,0.005153585657990467,0.01013112904657323
191,0.1712625672689259,0.13099337335680522,0.024850377126096147,0.1979913735739664,0.06800048620860498,0.07702380477999379,0.31451253931269446,0.005311218714909844,0.010054259658003233
192,0.15575728682689838,0.14223557907184808,0.02485160383153521,0.1868209711472305,0.06806080056815958,0.08218730195380085,0.3247382795922619,0.005174983908553589,0.010173193099711871
193,0.18678564458979685,0.12944115525269934,0.0255733630566291,0.2047136470510944,0.06935536453792049,0.07859623962343908,0.28548566223890826,0.009763097713282954,0.01028582593622954
194,0.18003940430385112,0.12774515179572837,0.02490901579904533,0.19321231522477578,0.06987245947069562,0.0832961844614347,0.3055542926321471,0.005319687459795049,0.010051488852526911
195,0.1794211669654447,0.14211784205813408,0.025138274383947008,0.18886731087905262,0.0711822096877062,0.08617859987287284,0.2897628011431788,0.006021502932468519,0.01131029207719526
196,0.16605424260159962,0.13333610482264657,0.025920563949503355,0.21342458345136409,0.07094101259135932,0.08726583871178065,0.2869042420504681,0.005494828334547468,0.010658583486730766
197,0.1816861532286025,0.1304359651875296,0.0253479841762047,0.2033775746290265,0.07242892224593958,0.08903355624946194,0.28188075298017923,0.005363313657357445,0.01044577764569852
198,0.18542724485299789,0.12500985303403878,0.024247510246142794,0.2198668917147133,0.07913299341642123,0.08337630922640456,0.2635433332217251,0.009589798939648994,0.009806065347907388
199,0.16947229866393426,0.13167538793890846,0.02554548003546876,0.21526290235275355,0.06980600544719036,0.07914295233494494,0.29329069584970435,0.005455553347685288,0.010348724029410035
200,0.15743260608971035,0.13486129463917626,0.024832714704975063,0.23004240067834908,0.06794800383281868,0.08354126840562306,0.28602790003297573,0.0052704303219926665,0.010043381294379112
201,0.17116510606906005,0.13738736160907986,0.024422071189803284,0.2147506016174085,0.06657762292035513,0.08340910073259686,0.28616284836380607,0.005894425984284312,0.010230861513605926
202,0.1870518756827724,0.1311129079180047,0.025335259683845045,0.22442141112384767,0.06980751436667262,0.08241039404233949,0.2563319313144164,0.005448835771804391,0.018079870096297378
203,0.1582712695028474,0.1291228967789581,0.024973488431194023,0.2472125834578522,0.08187676746663185,0.07736582961983395,0.2655698571260323,0.0055110558950151435,0.010096251721634994
204,0.1610546740060817,0.140379128788453,0.024965494419096637,0.19124384347997322,0.06984102636574334,0.07987649923399007,0.31743453274924893,0.005156102922878962,0.010048698034534148
205,0.1770839514359421,0.12695934469707265,0.026935657760881377,0.2358306810164305,0.06817711348009677,0.07669499121416136,0.2709964495152291,0.007358236587451342,0.009963574292734676
206,0.17969730107534396,0.12847927067329815,0.024866185613236898,0.20719712965317177,0.06799339814057286,0.08009380812803088,0.2944753102788143,0.007012364947632176,0.01018523148989901
207,0.16375287502580058,0.13943566882817776,0.02420580073047674,0.19492828155217215,0.06753132782095908,0.07781392429254368,0.31758236070327295,0.005030161118976547,0.009719599927620535
208,0.17071650077448797,0.13832013340586385,0.026712549946721075,0.1835635477488804,0.06681058150044752,0.0773693083056394,0.32095642952676584,0.005670964891585058,0.009879983899608877
209,0.18559424266534744,0.1306187110151805,0.03989555255479018,0.1984751794911736,0.07094351196818974,0.08524616745765422,0.2736749919509707,0.00529773683394081,0.010253906062752869
210,0.16812535593375613,0.1282570090616042,0.024783131345042127,0.24052416593352666,0.06829049856708598,0.07678892709228476,0.2704531759806776,0.0051720999735766675,0.017605636112445894
211,0.16341535636373233,0.13630070641910091,0.026398676915077673,0.21894677135945786,0.07145763842667006,0.0839822495938447,0.2828779323906013,0.006031215927258582,0.010589452604256524
212,0.17008794197649119,0.1359527485176148,0.02384152450049165,0.1991455538811881,0.06568088924496596,0.08026289001364831,0.30304858803006174,0.00501206185894962,0.016967801976588495
213,0.1629963269162797,0.1349016842178584,0.0259901372315235,0.20804329608161068,0.07201724271169076,0.08054619122027887,0.29369981608988366,0.005743894483157131,0.01606141104771742
214,0.17645273373779266,0.1295006851912483,0.025095419674321995,0.21042674351805965,0.0687366511489202,0.08442847299768055,0.28976146118810986,0.005444166424319266,0.010153666119547492
215,0.15508235578830334,0.14152697701146805,0.025134381776991677,0.1907488740601403,0.06861032655391916,0.07789437877797124,0.3254138349563684,0.0052450450272217295,0.010343826047616085
216,0.17233840511140774,0.1559499520317581,0.024824814203878644,0.1873920425023781,0.06789715456576755,0.07720197991045961,0.2975677546247673,0.0062717979573121575,0.010556099092270756
